Algoritmos de ordenacion usando 15 pruebas por tamanio
MergeSort
10 16 18 21
20 52 55 57
30 99 106 111
40 144 149 158
50 187 194 199
60 264 272 281
70 319 329 336
80 360 371 379
90 412 423 432
100 476 484 491
110 566 577 590
120 653 666 675
130 737 748 758
140 785 796 807
150 844 853 863
160 890 907 919
170 947 962 975
180 1008 1021 1029
190 1054 1071 1084
200 1146 1164 1189
210 1257 1269 1285
220 1357 1367 1383
230 1447 1468 1480
240 1547 1558 1577
250 1638 1659 1675
260 1733 1745 1762
270 1797 1812 1838
280 1858 1876 1888
290 1915 1931 1950
Insertion
10 14 26 34
20 82 110 125
30 198 239 289
40 329 420 489
50 585 651 703
60 829 979 1224
70 1079 1242 1364
80 1355 1616 1761
90 1783 2093 2307
100 2233 2587 2758
110 2685 3003 3546
120 3429 3745 4066
130 3952 4168 4420
140 4715 5149 5554
150 5465 5756 6153
160 5869 6496 7090
170 6807 7165 7547
180 7711 8160 8545
190 8662 9402 10136
200 9583 10383 10911
210 10318 11286 11810
220 11498 12192 12745
230 12799 13678 14560
240 13400 14464 15633
250 14740 15562 16996
260 15760 16764 17698
270 17917 18681 19752
280 18275 19893 21377
290 20264 21211 22252
